A:0.205851967251581
B:0.0772652202997195
C:0.0877169026479134
D:0.20164030989995
E:0.173653262582469
F:0.164923377206024
